           0
PRVNI POLE
         842     8133996    36236749    36256565    37845792    42230313
    43701879    54589475    54718834    68677560    73113082    86572326
    88930714    92560034    92712654    93321163    97245074    97617491
   103376526   106767998   109153496   116079127   117528368   126358284
   127965503   131477823   137583322   138388686   143110138   144163100
   144719419   149164953   156326370   162437325   163849850   167371229
   171895260   181349007   182589356   193098200   193583755   193612066
   194461696   197186622   209720241   212686023   214718114   214940946
   217662052   221992046   225472920   240797977   242630664   248791712
   255261336   256005601   260012395   263098873   265839154   283349000
   294198284   300274216   302085572   303562112   316195026   321341872
   322240233   330309209   332292956   332452895   340301905   341913778
   341924307   346401324   350792588   351614939   354523662   362298792
   364779415   369730789   390911798   393483868   400530762   405996804
   408181977   411365764   413666221   413814015   416949170   427284417
   430199676   432159669   432704171   434663090   435137395   435594536
   437186973   437802596   443722074   446836310   448294288   448418482
   449185843   450129214   451904994   454130460   460737046   468095093
   472706662   474076458   476423524   485371461   487412285   489364594
   491672946   492588529   496673493   500488674   510443201   512292390
   516851604   540021178   540987774   542596178   543450549   550520937
   550903041   551199364   556353189   557086188   557812500   564764392
   570491762   574167200   579626053   595772095   597734899   607168220
   608771707   629013607   632853612   638066864   644622660   646009632
   646337900   648017879   650985959   657263955   660295348   660927849
   661965134   675045896   676857845   677485591   681000625   688920191
   694335393   696897124   704219019   708185854   709714713   712502849
   717115025   720169472   725343839   728276093   735413912   736811268
   740973540   746752859   747626086   749549097   749793742   751734174
   757022691   758279785   762135040   767750431   774457245   774701035
   781779240   793960500   794178517   799177955   799515736   800323301
   809445680   813260307   813696513   815911969   836334984   852806957
   860484698   861952784   862014081   865708002   874014765   875377615
   876557374   882587753   882894087   885193366   889567689   895183168
   916690839   917391492   922990091   942103988   947034803   950043428
   951858395   955236911   970466024   973702766   975449905   979236576
   980501055   982954173   986182155   989732361   994549136   996347832
  1010809934  1016497887  1017432116  1018138902  1026026790  1027674377
  1030928236  1032684615  1045896252  1048168264  1050648165  1061828101
  1062540794  1063799114  1068532676  1075786778  1081858590  1099241461
  1106850747  1109822014  1113615374  1123611731  1138452256  1148681917
  1149884055  1150117961  1154897182  1157533187  1160618452  1162661102
  1166335986  1169548184  1170011980  1173207247  1177024408  1180674813
  1186921006  1188209220  1194266695  1194399908  1195798559  1198318125
  1200058901  1202106427  1205730144  1213050743  1215500942  1222492998
  1222832656  1223664888  1228762839  1235296431  1237864584  1257932989
  1265142529  1265362227  1269778901  1272633606  1281266452  1281614427
  1284480725  1286153431  1292000047  1292356244  1294474111  1296402128
  1299728715  1305388634  1318944890  1320473494  1322740704  1327408704
  1338989323  1344966872  1349211428  1352984183  1355084427  1355726235
  1356453758  1358645893  1360420312  1361647521  1363145417  1366215199
  1367354255  1369592979  1372342035  1372377460  1378759401  1382803343
  1383075525  1383430028  1385372468  1406546694  1406780050  1414540665
  1415820022  1419085297  1426986140  1427509561  1429646501  1430277475
  1432187943  1441605662  1442759668  1443422166  1450164510  1452307576
  1452435850  1468106245  1475427552  1487195175  1489079979  1492331220
  1499772692  1502637111  1505340729  1505660445  1509284221  1517685897
  1520894778  1523650541  1544762332  1550642521  1559140027  1570051409
  1576377304  1576476375  1576778852  1577439661  1579375828  1581927143
  1586770357  1587180606  1587968332  1591820002  1594995966  1602092965
  1603304149  1615543185  1616128728  1618542288  1635062673  1637034989
  1642211515  1644052393  1647265798  1648036787  1649024960  1657151853
  1657522070  1660988449  1664540402  1671279898  1683403067  1701965808
  1703490767  1706167607  1706231808  1707721860  1709104230  1714204803
  1729468765  1735697098  1737956856  1738783067  1741558981  1743907182
  1744041206  1745483771  1755582006  1766711840  1770103064  1776520806
  1777785068  1780348765  1783047356  1785156987  1788194908  1798410250
  1800210208  1802225054  1812147657  1813434110  1813721256  1817532373
  1818274694  1818804565  1822979703  1825516133  1826109173  1830283315
  1835028174  1837867740  1840503032  1855308775  1858690265  1859084794
  1859387417  1861437402  1861482708  1864874440  1864978331  1869512912
  1870853248  1876308578  1886850728  1889774267  1891378459  1897932644
  1903046287  1905088838  1907575019  1909167270  1909677608  1910209468
  1911307421  1914713424  1915400906  1915738344  1922447189  1922586113
  1938192613  1938908480  1939546849  1940014185  1942734119  1945690666
  1946372037  1950321836  1956421827  1958053272  1959745996  1965650200
  1972965793  1982850941  1983834715  1989539977  1989548583  1995046829
  2001621138  2005066391  2008852903  2017301904  2020372474  2020898860
  2026947468  2031944935  2036084828  2036471906  2051358511  2062009345
  2066651432  2066792868  2067863929  2068146005  2071492259  2072070779
  2075976323  2076308685  2078560903  2084651355  2085259563  2085760073
  2086189031  2088112309  2091808800  2093521922  2099755152  2100030196
  2100047794  2104374978  2109304292  2118749829  2120952136  2124683698
  2135832481  2136195008
DRUHE POLE
         842     8133996    36236749    36256565    37845792    42230313
    43701879    54589475    54718834    68677560    73113082    86572326
    88930714    92560034    92712654    93321163    97245074    97617491
   103376526   106767998   109153496   116079127   117528368   126358284
   127965503   131477823   137583322   138388686   143110138   144163100
   144719419   149164953   156326370   162437325   163849850   167371229
   171895260   181349007   182589356   193098200   193583755   193612066
   194461696   197186622   209720241   212686023   214718114   214940946
   217662052   221992046   225472920   240797977   242630664   248791712
   255261336   256005601   260012395   263098873   265839154   283349000
   294198284   300274216   302085572   303562112   316195026   321341872
   322240233   330309209   332292956   332452895   340301905   341913778
   341924307   346401324   350792588   351614939   354523662   362298792
   364779415   369730789   390911798   393483868   400530762   405996804
   408181977   411365764   413666221   413814015   416949170   427284417
   430199676   432159669   432704171   434663090   435137395   435594536
   437186973   437802596   443722074   446836310   448294288   448418482
   449185843   450129214   451904994   454130460   460737046   468095093
   472706662   474076458   476423524   485371461   487412285   489364594
   491672946   492588529   496673493   500488674   510443201   512292390
   516851604   540021178   540987774   542596178   543450549   550520937
   550903041   551199364   556353189   557086188   557812500   564764392
   570491762   574167200   579626053   595772095   597734899   607168220
   608771707   629013607   632853612   638066864   644622660   646009632
   646337900   648017879   650985959   657263955   660295348   660927849
   661965134   675045896   676857845   677485591   681000625   688920191
   694335393   696897124   704219019   708185854   709714713   712502849
   717115025   720169472   725343839   728276093   735413912   736811268
   740973540   746752859   747626086   749549097   749793742   751734174
   757022691   758279785   762135040   767750431   774457245   774701035
   781779240   793960500   794178517   799177955   799515736   800323301
   809445680   813260307   813696513   815911969   836334984   852806957
   860484698   861952784   862014081   865708002   874014765   875377615
   876557374   882587753   882894087   885193366   889567689   895183168
   916690839   917391492   922990091   942103988   947034803   950043428
   951858395   955236911   970466024   973702766   975449905   979236576
   980501055   982954173   986182155   989732361   994549136   996347832
  1010809934  1016497887  1017432116  1018138902  1026026790  1027674377
  1030928236  1032684615  1045896252  1048168264  1050648165  1061828101
  1062540794  1063799114  1068532676  1075786778  1081858590  1099241461
  1106850747  1109822014  1113615374  1123611731  1138452256  1148681917
  1149884055  1150117961  1154897182  1157533187  1160618452  1162661102
  1166335986  1169548184  1170011980  1173207247  1177024408  1180674813
  1186921006  1188209220  1194266695  1194399908  1195798559  1198318125
  1200058901  1202106427  1205730144  1213050743  1215500942  1222492998
  1222832656  1223664888  1228762839  1235296431  1237864584  1257932989
  1265142529  1265362227  1269778901  1272633606  1281266452  1281614427
  1284480725  1286153431  1292000047  1292356244  1294474111  1296402128
  1299728715  1305388634  1318944890  1320473494  1322740704  1327408704
  1338989323  1344966872  1349211428  1352984183  1355084427  1355726235
  1356453758  1358645893  1360420312  1361647521  1363145417  1366215199
  1367354255  1369592979  1372342035  1372377460  1378759401  1382803343
  1383075525  1383430028  1385372468  1406546694  1406780050  1414540665
  1415820022  1419085297  1426986140  1427509561  1429646501  1430277475
  1432187943  1441605662  1442759668  1443422166  1450164510  1452307576
  1452435850  1468106245  1475427552  1487195175  1489079979  1492331220
  1499772692  1502637111  1505340729  1505660445  1509284221  1517685897
  1520894778  1523650541  1544762332  1550642521  1559140027  1570051409
  1576377304  1576476375  1576778852  1577439661  1579375828  1581927143
  1586770357  1587180606  1587968332  1591820002  1594995966  1602092965
  1603304149  1615543185  1616128728  1618542288  1635062673  1637034989
  1642211515  1644052393  1647265798  1648036787  1649024960  1657151853
  1657522070  1660988449  1664540402  1671279898  1683403067  1701965808
  1703490767  1706167607  1706231808  1707721860  1709104230  1714204803
  1729468765  1735697098  1737956856  1738783067  1741558981  1743907182
  1744041206  1745483771  1755582006  1766711840  1770103064  1776520806
  1777785068  1780348765  1783047356  1785156987  1788194908  1798410250
  1800210208  1802225054  1812147657  1813434110  1813721256  1817532373
  1818274694  1818804565  1822979703  1825516133  1826109173  1830283315
  1835028174  1837867740  1840503032  1855308775  1858690265  1859084794
  1859387417  1861437402  1861482708  1864874440  1864978331  1869512912
  1870853248  1876308578  1886850728  1889774267  1891378459  1897932644
  1903046287  1905088838  1907575019  1909167270  1909677608  1910209468
  1911307421  1914713424  1915400906  1915738344  1922447189  1922586113
  1938192613  1938908480  1939546849  1940014185  1942734119  1945690666
  1946372037  1950321836  1956421827  1958053272  1959745996  1965650200
  1972965793  1982850941  1983834715  1989539977  1989548583  1995046829
  2001621138  2005066391  2008852903  2017301904  2020372474  2020898860
  2026947468  2031944935  2036084828  2036471906  2051358511  2062009345
  2066651432  2066792868  2067863929  2068146005  2071492259  2072070779
  2075976323  2076308685  2078560903  2084651355  2085259563  2085760073
  2086189031  2088112309  2091808800  2093521922  2099755152  2100030196
  2100047794  2104374978  2109304292  2118749829  2120952136  2124683698
  2135832481  2136195008
